experiment stats 
state_var: prior rmse, post rmse, prior ubrmse, post ubrmse, prior corrcoef, post corrcoef 
lai: (1.867927989946347, 0.28428850513703424, 1.5172416266735294, 0.22125410646919694, nan, 0.98980344117050711, nan, 0.97933733369314868) 
sm: (0.098741133904042294, 0.11972509022211825, 0.050853136995358955, 0.062590034295419164, nan, 0.031311270046343202, nan, 0.065137534537297925) 
canht: (1.0331665979728293, 1.0293081343190564, 0.33577007272267062, 0.3416134740598174, nan, -0.70298917114734849, nan, 1.1704433476374567e-06) 
